Russia|49.101,46.399;48.645,45.806;47.676,45.641;46.682,44.609;47.591,43.660;47.493,42.987;48.584,41.809;48.584,41.809;47.987,41.406;47.816,41.151;47.373,41.220;46.686,41.827;46.405,41.861;45.776,42.092;45.470,42.503;44.538,42.712;43.931,42.555;43.756,42.741;42.394,43.220;40.922,43.382;40.077,43.553;39.955,43.435;38.680,44.280;37.539,44.657;36.675,45.245;37.403,45.405;38.233,46.241;37.674,46.637;39.148,47.045;39.121,47.263;38.224,47.102;38.255,47.546;38.771,47.826;39.738,47.899;39.896,48.232;39.675,48.784;40.081,49.307;40.069,49.601;38.595,49.926;38.011,49.916;37.393,50.384;36.626,50.226;35.356,50.577;35.378,50.774;35.022,51.208;34.225,51.256;34.142,51.566;34.392,51.769;33.753,52.335;32.716,52.238;32.412,52.289;32.159,52.061;31.786,52.102;31.786,52.102;31.540,52.742;31.305,53.074;31.498,53.167;32.305,53.133;32.694,53.351;32.406,53.618;31.731,53.794;31.791,53.975;31.384,54.157;30.758,54.812;30.972,55.082;30.874,55.551;29.896,55.789;29.372,55.670;29.230,55.918;28.177,56.169;27.855,56.759;27.770,57.244;27.288,57.475;27.717,57.792;27.420,58.725;28.132,59.301;27.981,59.475;27.981,59.475;29.118,60.028;28.070,60.504;28.070,60.504;30.211,61.780;31.140,62.358;31.516,62.868;30.036,63.553;30.445,64.204;29.544,64.949;30.218,65.806;29.055,66.944;29.977,67.698;28.446,68.365;28.592,69.065;29.400,69.157;31.101,69.558;31.101,69.558;32.133,69.906;33.775,69.301;36.514,69.063;40.292,67.932;41.060,67.457;41.126,66.792;40.016,66.266;38.383,66.000;33.919,66.760;33.184,66.633;34.815,65.900;34.879,65.436;34.944,64.414;36.231,64.109;37.013,63.850;37.142,64.335;36.540,64.764;37.176,65.143;39.593,64.521;40.436,64.764;39.763,65.497;42.093,66.476;43.016,66.419;43.950,66.069;44.532,66.756;43.698,67.352;44.188,67.951;43.453,68.571;46.250,68.250;46.821,67.690;45.555,67.567;45.562,67.010;46.349,66.668;47.894,66.885;48.139,67.522;50.228,67.999;53.717,68.857;54.472,68.808;53.486,68.201;54.726,68.097;55.443,68.439;57.317,68.466;58.802,68.881;59.941,68.278;61.078,68.941;60.030,69.520;60.550,69.850;63.504,69.547;64.888,69.235;68.512,68.092;69.181,68.616;68.164,69.144;68.135,69.356;66.930,69.455;67.260,69.929;66.725,70.709;66.695,71.029;68.540,71.934;69.196,72.843;69.940,73.040;72.588,72.776;72.796,72.220;71.848,71.409;72.470,71.090;72.792,70.391;72.565,69.021;73.668,68.408;73.239,67.740;71.280,66.320;72.423,66.173;72.821,66.533;73.921,66.789;74.187,67.284;75.052,67.760;74.469,68.329;74.936,68.989;73.842,69.071;73.602,69.628;74.400,70.632;73.101,71.447;74.891,72.121;74.659,72.832;75.158,72.855;75.684,72.301;75.289,71.336;76.359,71.153;75.903,71.874;77.577,72.267;79.652,72.320;81.500,71.750;80.611,72.583;80.511,73.648;82.250,73.850;84.655,73.806;86.822,73.937;86.010,74.460;87.167,75.116;88.316,75.144;90.260,75.640;92.901,75.773;93.234,76.047;95.860,76.140;96.678,75.915;98.923,76.447;100.760,76.430;101.035,76.862;101.991,77.288;104.352,77.698;106.067,77.374;104.705,77.127;106.970,76.974;107.240,76.480;108.154,76.723;111.077,76.710;113.332,76.222;114.134,75.848;113.885,75.328;112.779,75.032;110.151,74.477;109.400,74.180;110.640,74.040;112.119,73.788;113.020,73.977;113.530,73.335;113.969,73.595;115.568,73.753;118.776,73.588;119.020,73.120;123.201,72.971;123.258,73.735;125.380,73.560;126.976,73.565;128.591,73.039;129.052,72.399;128.460,71.980;129.716,71.193;131.289,70.787;132.254,71.836;133.858,71.386;135.562,71.655;137.498,71.348;138.234,71.628;139.870,71.488;139.148,72.416;140.468,72.849;149.500,72.200;150.351,71.606;152.969,70.842;157.007,71.031;158.998,70.867;159.830,70.453;159.709,69.722;160.941,69.437;162.279,69.642;164.052,69.668;165.940,69.472;167.836,69.583;169.578,68.694;170.817,69.014;170.008,69.653;170.453,70.097;173.644,69.817;175.724,69.877;178.600,69.400;180.000,68.964;180.000,64.980;179.993,64.974;178.707,64.535;177.411,64.608;178.313,64.076;178.908,63.252;179.370,62.983;179.486,62.569;179.228,62.304;177.364,62.522;174.569,61.769;173.680,61.653;172.150,60.950;170.698,60.336;170.331,59.882;168.900,60.574;166.295,59.789;165.840,60.160;164.877,59.732;163.539,59.869;163.217,59.211;162.017,58.243;162.053,57.839;163.192,57.615;163.058,56.159;162.130,56.122;161.701,55.286;162.117,54.855;160.369,54.344;160.022,53.203;158.531,52.959;158.231,51.943;156.790,51.011;156.420,51.700;155.992,53.159;155.434,55.381;155.914,56.768;156.758,57.365;156.810,57.832;158.364,58.056;160.151,59.315;161.872,60.343;163.670,61.141;164.474,62.551;163.258,62.466;162.658,61.642;160.121,60.544;159.302,61.774;156.721,61.434;154.218,59.758;155.044,59.145;152.812,58.884;151.266,58.781;151.338,59.504;149.784,59.656;148.545,59.164;145.487,59.336;142.198,59.040;138.958,57.088;135.126,54.730;136.702,54.604;137.193,53.977;138.165,53.755;138.805,54.255;139.902,54.190;141.345,53.090;141.379,52.239;140.597,51.240;140.513,50.046;140.062,48.447;138.555,47.000;138.220,46.308;136.862,45.144;135.515,43.989;134.869,43.398;133.537,42.811;132.906,42.798;132.278,43.285;130.936,42.553;130.780,42.220;130.780,42.220;130.780,42.220;130.780,42.220;130.640,42.395;130.640,42.395;130.634,42.903;131.145,42.930;131.289,44.112;131.025,44.968;131.883,45.321;133.097,45.144;133.770,46.117;134.112,47.212;134.501,47.578;135.026,48.478;133.374,48.183;132.507,47.789;130.987,47.790;130.582,48.730;129.398,49.441;127.657,49.760;127.287,50.740;126.939,51.354;126.564,51.784;125.946,52.793;125.068,53.161;123.571,53.459;122.246,53.432;121.003,53.251;120.177,52.754;120.726,52.516;120.738,51.964;120.182,51.644;119.279,50.583;119.288,50.143;117.879,49.511;116.679,49.889;115.486,49.805;114.962,50.140;114.362,50.248;112.898,49.544;111.581,49.378;110.662,49.130;109.402,49.293;108.475,49.283;107.868,49.794;106.889,50.274;105.887,50.406;104.622,50.275;103.677,50.090;102.256,50.511;102.065,51.260;100.889,51.517;99.982,51.634;98.861,52.047;97.826,51.011;98.232,50.422;97.260,49.726;95.814,49.977;94.816,50.013;94.148,50.481;93.104,50.495;92.235,50.802;90.714,50.332;88.806,49.471;87.751,49.297;87.360,49.215;86.829,49.827;85.541,49.693;85.116,50.117;84.416,50.311;83.935,50.889;83.383,51.069;81.946,50.812;80.568,51.388;80.036,50.865;77.801,53.404;76.525,54.177;76.891,54.491;74.385,53.547;73.426,53.490;73.509,54.036;72.224,54.377;71.180,54.133;70.865,55.170;69.068,55.385;68.169,54.970;65.667,54.601;65.179,54.354;61.437,54.006;60.978,53.665;61.700,52.980;60.740,52.720;60.927,52.448;59.968,51.960;61.588,51.273;61.337,50.799;59.933,50.842;59.642,50.545;58.363,51.064;56.778,51.044;55.717,50.622;54.533,51.026;52.329,51.719;50.767,51.693;48.702,50.605;48.578,49.875;47.549,50.455;46.752,49.356;47.044,49.152;46.466,48.394;47.315,47.716;48.057,47.744;48.695,47.076;48.593,46.561;49.101,46.399
Russia|22.731,54.328;20.892,54.313;19.661,54.426;19.888,54.866;21.268,55.190;22.316,55.015;22.758,54.857;22.651,54.583;22.731,54.328
Russia|33.436,45.972;33.699,46.220;34.410,46.005;34.732,45.966;34.862,45.768;35.013,45.738;35.021,45.651;35.510,45.410;36.530,45.470;36.335,45.113;35.240,44.940;33.883,44.361;33.326,44.565;33.547,45.035;32.454,45.327;32.631,45.519;33.588,45.852;33.436,45.972
Norway|31.101,69.558;29.400,69.157;28.592,69.065;29.016,69.766;27.732,70.164;26.180,69.825;25.689,69.092;24.736,68.650;23.662,68.891;22.356,68.842;21.245,69.370;20.646,69.106;20.025,69.065;19.879,68.407;17.994,68.567;17.729,68.011;16.769,68.014;16.109,67.302;15.108,66.194;13.556,64.787;13.920,64.445;13.572,64.049;12.580,64.066;11.931,63.128;11.992,61.800;12.631,61.294;12.300,60.118;11.468,59.432;11.027,58.856;10.357,59.470;8.382,58.313;7.049,58.079;5.666,58.588;5.308,59.663;4.992,61.971;5.913,62.614;8.553,63.454;10.528,64.486;12.358,65.880;14.761,67.811;16.436,68.563;19.184,69.817;21.378,70.255;23.024,70.202;24.547,71.030;26.370,70.986;28.166,71.185;31.293,70.454;30.005,70.186;31.101,69.558
Greenland|-46.764,82.628;-43.406,83.225;-39.898,83.180;-38.622,83.549;-35.088,83.645;-27.100,83.520;-20.845,82.727;-22.692,82.342;-26.518,82.298;-31.900,82.200;-31.396,82.022;-27.857,82.132;-24.844,81.787;-22.903,82.093;-22.072,81.734;-23.170,81.153;-20.624,81.525;-15.768,81.912;-12.770,81.719;-12.209,81.292;-16.285,80.580;-16.850,80.350;-20.046,80.177;-17.730,80.129;-18.900,79.400;-19.705,78.751;-19.674,77.639;-18.473,76.986;-20.035,76.944;-21.679,76.628;-19.834,76.098;-19.599,75.248;-20.668,75.156;-19.373,74.296;-21.594,74.224;-20.435,73.817;-20.762,73.464;-22.172,73.310;-23.566,73.307;-22.313,72.629;-22.300,72.184;-24.278,72.598;-24.793,72.330;-23.443,72.080;-22.133,71.469;-21.754,70.664;-23.536,70.471;-24.307,70.856;-25.543,71.431;-25.201,70.752;-26.363,70.226;-23.727,70.184;-22.349,70.129;-25.029,69.259;-27.747,68.470;-30.674,68.125;-31.777,68.121;-32.811,67.735;-34.202,66.680;-36.353,65.979;-37.044,65.938;-38.375,65.692;-39.812,65.458;-40.669,64.840;-40.683,64.139;-41.189,63.482;-42.819,62.682;-42.417,61.901;-42.866,61.074;-43.378,60.098;-44.788,60.037;-46.264,60.853;-48.263,60.858;-49.233,61.407;-49.900,62.383;-51.633,63.627;-52.140,64.278;-52.277,65.177;-53.662,66.100;-53.302,66.837;-53.969,67.189;-52.980,68.358;-51.475,68.730;-51.080,69.148;-50.871,69.929;-52.014,69.575;-52.558,69.426;-53.456,69.284;-54.683,69.610;-54.750,70.289;-54.359,70.821;-53.431,70.836;-51.390,70.570;-53.109,71.205;-54.004,71.547;-55.000,71.407;-55.835,71.654;-54.718,72.586;-55.326,72.959;-56.120,73.650;-57.324,74.710;-58.597,75.099;-58.585,75.517;-61.269,76.102;-63.392,76.175;-66.064,76.135;-68.504,76.061;-69.665,76.380;-71.403,77.009;-68.777,77.323;-66.764,77.376;-71.043,77.636;-73.297,78.044;-73.159,78.433;-69.373,78.914;-65.711,79.394;-65.324,79.758;-68.023,80.117;-67.151,80.516;-63.689,81.214;-62.234,81.321;-62.651,81.770;-60.282,82.034;-57.207,82.191;-54.134,82.200;-53.043,81.888;-50.391,82.439;-48.004,82.065;-46.600,81.986;-44.523,81.661;-46.901,82.200;-46.764,82.628
France|6.186,49.464;6.658,49.202;8.099,49.018;7.594,48.333;7.467,47.621;7.192,47.450;6.737,47.542;6.769,47.288;6.037,46.726;6.023,46.273;6.500,46.430;6.844,45.991;6.802,45.709;7.097,45.333;6.750,45.029;7.008,44.255;7.550,44.128;7.435,43.694;6.529,43.129;4.557,43.400;3.100,43.075;2.986,42.473;1.827,42.343;0.702,42.796;0.338,42.580;-1.503,43.034;-1.901,43.423;-1.384,44.023;-1.194,46.015;-2.226,47.064;-2.963,47.570;-4.492,47.955;-4.592,48.684;-3.296,48.902;-1.617,48.644;-1.933,49.776;-0.989,49.347;1.339,50.127;1.639,50.947;2.514,51.149;2.658,50.797;3.123,50.780;3.588,50.379;4.286,49.907;4.799,49.985;5.674,49.529;5.898,49.443;6.186,49.464
France|8.746,42.628;9.390,43.010;9.560,42.152;9.230,41.380;8.776,41.584;8.544,42.257;8.746,42.628
Israel|35.720,32.709;35.546,32.394;35.184,32.533;34.975,31.867;35.226,31.754;34.971,31.617;34.927,31.353;35.398,31.489;35.421,31.100;34.923,29.501;34.823,29.761;34.265,31.219;34.265,31.219;34.265,31.219;34.556,31.549;34.488,31.606;34.753,32.073;34.955,32.827;35.098,33.081;35.126,33.091;35.461,33.089;35.553,33.264;35.821,33.277;35.836,32.868;35.701,32.716;35.720,32.709
Lebanon|35.821,33.277;35.553,33.264;35.461,33.089;35.126,33.091;35.482,33.905;35.980,34.610;35.998,34.645;36.448,34.594;36.612,34.202;36.066,33.825;35.821,33.277
Palestine|35.398,31.489;34.927,31.353;34.971,31.617;35.226,31.754;34.975,31.867;35.184,32.533;35.546,32.394;35.545,31.783;35.398,31.489
Tunisia|9.482,30.308;9.056,32.103;8.439,32.506;8.430,32.748;7.613,33.344;7.524,34.097;8.141,34.655;8.376,35.480;8.218,36.433;8.421,36.946;9.510,37.350;10.210,37.230;10.181,36.724;11.029,37.092;11.100,36.900;10.600,36.410;10.593,35.947;10.940,35.699;10.808,34.834;10.150,34.331;10.340,33.786;10.857,33.769;11.109,33.293;11.489,33.137;11.432,32.369;10.945,32.082;10.637,31.761;9.950,31.376;10.057,30.962;9.970,30.539;9.482,30.308
Algeria|-8.684,27.396;-8.665,27.589;-8.666,27.656;-8.674,28.841;-7.059,29.579;-6.061,29.732;-5.242,30.000;-4.860,30.501;-3.690,30.897;-3.647,31.637;-3.069,31.724;-2.617,32.094;-1.308,32.263;-1.125,32.652;-1.388,32.864;-1.733,33.920;-1.793,34.528;-2.170,35.168;-1.209,35.715;-0.127,35.889;0.504,36.301;1.467,36.606;3.162,36.784;4.816,36.865;5.320,36.717;6.262,37.111;7.330,37.118;7.737,36.886;8.421,36.946;8.218,36.433;8.376,35.480;8.141,34.655;7.524,34.097;7.613,33.344;8.430,32.748;8.439,32.506;9.056,32.103;9.482,30.308;9.806,29.425;9.860,28.960;9.684,28.144;9.756,27.688;9.629,27.141;9.716,26.512;9.319,26.094;9.911,25.365;9.948,24.937;10.304,24.379;10.771,24.563;11.561,24.098;12.000,23.472;8.573,21.566;5.678,19.601;4.267,19.155;3.158,19.057;3.147,19.694;2.684,19.856;2.061,20.142;1.823,20.611;-1.550,22.793;-4.923,24.975;-8.684,27.396
Jordan|35.546,32.394;35.720,32.709;36.834,32.313;38.792,33.379;39.195,32.161;39.005,32.010;37.002,31.508;37.999,30.509;37.668,30.339;37.504,30.004;36.741,29.865;36.501,29.505;36.069,29.197;34.956,29.357;34.923,29.501;35.421,31.100;35.398,31.489;35.545,31.783;35.546,32.394
Iraq|39.195,32.161;38.792,33.379;41.006,34.419;41.384,35.628;41.290,36.359;41.837,36.606;42.350,37.230;42.779,37.385;43.942,37.256;44.293,37.002;44.773,37.170;45.421,35.978;46.076,35.677;46.152,35.093;45.648,34.748;45.417,33.968;46.109,33.017;47.335,32.469;47.849,31.709;47.685,30.985;48.005,30.985;48.015,30.452;48.568,29.927;47.975,29.976;47.303,30.059;46.569,29.099;44.709,29.179;41.890,31.190;40.400,31.890;39.195,32.161
Iran|48.568,29.927;48.015,30.452;48.005,30.985;47.685,30.985;47.849,31.709;47.335,32.469;46.109,33.017;45.417,33.968;45.648,34.748;46.152,35.093;46.076,35.677;45.421,35.978;44.773,37.170;44.773,37.170;44.226,37.972;44.421,38.281;44.109,39.428;44.794,39.713;44.953,39.336;45.458,38.874;46.144,38.741;46.506,38.771;47.685,39.508;48.060,39.582;48.356,39.289;48.011,38.794;48.634,38.270;48.883,38.320;49.200,37.583;50.148,37.375;50.842,36.873;52.264,36.700;53.826,36.965;53.922,37.199;54.800,37.392;55.512,37.964;56.180,37.935;56.619,38.121;57.330,38.029;58.436,37.522;59.235,37.413;60.378,36.527;61.123,36.492;61.211,35.650;60.803,34.404;60.528,33.676;60.964,33.529;60.536,32.981;60.864,32.183;60.942,31.548;61.699,31.380;61.781,30.736;60.874,29.829;61.369,29.303;61.772,28.699;62.728,28.260;62.755,27.379;63.234,27.217;63.317,26.757;61.874,26.240;61.497,25.078;59.616,25.380;58.526,25.610;57.397,25.740;56.971,26.966;56.492,27.143;55.724,26.965;54.715,26.481;53.493,26.812;52.484,27.581;51.521,27.866;50.853,28.815;50.115,30.148;49.577,29.986;48.941,30.317;48.568,29.927
Syria|35.720,32.709;35.701,32.716;35.836,32.868;35.821,33.277;36.066,33.825;36.612,34.202;36.448,34.594;35.998,34.645;35.905,35.410;36.150,35.822;36.418,36.041;36.685,36.260;36.739,36.818;37.067,36.623;38.168,36.901;38.700,36.713;39.523,36.716;40.673,37.091;41.212,37.074;42.350,37.230;41.837,36.606;41.290,36.359;41.384,35.628;41.006,34.419;38.792,33.379;36.834,32.313;35.720,32.709
Armenia|46.506,38.771;46.144,38.741;45.735,39.320;45.740,39.474;45.298,39.472;45.002,39.740;44.794,39.713;44.400,40.005;43.656,40.254;43.753,40.740;43.583,41.092;44.972,41.248;45.179,40.985;45.560,40.812;45.359,40.562;45.892,40.218;45.610,39.900;46.035,39.628;46.483,39.464;46.506,38.771
Sweden|11.027,58.856;11.468,59.432;12.300,60.118;12.631,61.294;11.992,61.800;11.931,63.128;12.580,64.066;13.572,64.049;13.920,64.445;13.556,64.787;15.108,66.194;16.109,67.302;16.769,68.014;17.729,68.011;17.994,68.567;19.879,68.407;20.025,69.065;20.646,69.106;21.979,68.617;23.539,67.936;23.566,66.396;23.903,66.007;22.183,65.724;21.214,65.026;21.370,64.414;19.779,63.610;17.848,62.749;17.120,61.341;17.831,60.637;18.788,60.082;17.869,58.954;16.829,58.720;16.448,57.041;15.880,56.104;14.667,56.201;14.101,55.408;12.943,55.362;12.625,56.307;11.788,57.442;11.027,58.856
Belarus|28.177,56.169;29.230,55.918;29.372,55.670;29.896,55.789;30.874,55.551;30.972,55.082;30.758,54.812;31.384,54.157;31.791,53.975;31.731,53.794;32.406,53.618;32.694,53.351;32.305,53.133;31.498,53.167;31.305,53.074;31.540,52.742;31.786,52.102;31.786,52.102;30.928,52.042;30.619,51.823;30.555,51.320;30.157,51.416;29.255,51.368;28.993,51.602;28.618,51.428;28.242,51.572;27.454,51.592;26.338,51.832;25.328,51.911;24.553,51.888;24.005,51.617;23.527,51.578;23.508,52.024;23.199,52.487;23.799,52.691;23.805,53.090;23.528,53.470;23.484,53.912;24.451,53.906;25.536,54.282;25.768,54.847;26.588,55.167;26.494,55.615;27.102,55.783;28.177,56.169
Ukraine|31.786,52.102;32.159,52.061;32.412,52.289;32.716,52.238;33.753,52.335;34.392,51.769;34.142,51.566;34.225,51.256;35.022,51.208;35.378,50.774;35.356,50.577;36.626,50.226;37.393,50.384;38.011,49.916;38.595,49.926;40.069,49.601;40.081,49.307;39.675,48.784;39.896,48.232;39.738,47.899;38.771,47.826;38.255,47.546;38.224,47.102;37.425,47.022;36.760,46.699;35.824,46.646;34.962,46.273;35.013,45.738;34.862,45.768;34.732,45.966;34.410,46.005;33.699,46.220;33.436,45.972;33.299,46.081;31.744,46.333;31.675,46.706;30.749,46.583;30.378,46.032;29.603,45.293;29.150,45.465;28.680,45.304;28.234,45.488;28.485,45.597;28.660,45.940;28.934,46.259;28.863,46.438;29.072,46.518;29.171,46.379;29.760,46.350;30.025,46.424;29.838,46.525;29.909,46.674;29.560,46.929;29.415,47.347;29.051,47.510;29.123,47.849;28.671,48.118;28.260,48.156;27.523,48.467;26.858,48.368;26.619,48.221;26.197,48.221;25.946,47.987;25.208,47.891;24.866,47.738;24.402,47.982;23.761,47.986;23.142,48.096;22.711,47.882;22.641,48.150;22.086,48.422;22.281,48.825;22.558,49.086;22.776,49.027;22.518,49.477;23.427,50.309;23.923,50.425;24.030,50.705;23.527,51.578;24.005,51.617;24.553,51.888;25.328,51.911;26.338,51.832;27.454,51.592;28.242,51.572;28.618,51.428;28.993,51.602;29.255,51.368;30.157,51.416;30.555,51.320;30.619,51.823;30.928,52.042;31.786,52.102
Poland|23.484,53.912;23.528,53.470;23.805,53.090;23.799,52.691;23.199,52.487;23.508,52.024;23.527,51.578;24.030,50.705;23.923,50.425;23.427,50.309;22.518,49.477;22.776,49.027;22.558,49.086;21.608,49.470;20.888,49.329;20.416,49.431;19.825,49.217;19.321,49.572;18.910,49.436;18.853,49.496;18.393,49.989;17.649,50.049;17.555,50.362;16.869,50.474;16.719,50.216;16.176,50.423;16.239,50.698;15.491,50.785;15.017,51.107;14.607,51.745;14.685,52.090;14.438,52.625;14.075,52.981;14.353,53.248;14.120,53.757;14.803,54.051;16.363,54.513;17.623,54.852;18.621,54.683;18.696,54.439;19.661,54.426;20.892,54.313;22.731,54.328;23.244,54.221;23.484,53.912
Austria|16.980,48.123;16.904,47.715;16.341,47.713;16.534,47.496;16.202,46.852;16.012,46.684;15.137,46.659;14.632,46.432;13.806,46.509;12.376,46.768;12.153,47.115;11.165,46.942;11.049,46.751;10.443,46.894;9.932,46.921;9.480,47.103;9.633,47.348;9.594,47.525;9.896,47.580;10.402,47.302;10.545,47.566;11.426,47.524;12.141,47.703;12.621,47.672;12.933,47.468;13.026,47.638;12.884,48.289;13.243,48.416;13.596,48.877;14.339,48.555;14.901,48.964;15.253,49.039;16.030,48.734;16.499,48.786;16.960,48.597;16.880,48.470;16.980,48.123
Hungary|22.086,48.422;22.641,48.150;22.711,47.882;22.100,47.672;21.627,46.994;21.022,46.316;20.220,46.127;19.596,46.172;18.830,45.909;18.830,45.909;18.456,45.759;17.630,45.952;16.883,46.381;16.565,46.504;16.371,46.841;16.202,46.852;16.534,47.496;16.341,47.713;16.904,47.715;16.980,48.123;17.488,47.867;17.857,47.758;18.697,47.881;18.777,48.082;19.174,48.111;19.661,48.267;19.769,48.203;20.239,48.328;20.474,48.563;20.801,48.624;21.872,48.320;22.086,48.422
Moldova|26.619,48.221;26.858,48.368;27.523,48.467;28.260,48.156;28.671,48.118;29.123,47.849;29.051,47.510;29.415,47.347;29.560,46.929;29.909,46.674;29.838,46.525;30.025,46.424;29.760,46.350;29.171,46.379;29.072,46.518;28.863,46.438;28.934,46.259;28.660,45.940;28.485,45.597;28.234,45.488;28.054,45.945;28.160,46.372;28.128,46.810;27.551,47.405;27.234,47.827;26.924,48.123;26.619,48.221
Romania|28.234,45.488;28.680,45.304;29.150,45.465;29.603,45.293;29.627,45.035;29.142,44.820;28.838,44.914;28.558,43.707;27.970,43.812;27.242,44.176;26.065,43.943;25.569,43.688;24.101,43.741;23.332,43.897;22.945,43.824;22.657,44.235;22.474,44.409;22.706,44.578;22.459,44.703;22.145,44.478;21.562,44.769;21.484,45.181;20.874,45.416;20.762,45.735;20.220,46.127;21.022,46.316;21.627,46.994;22.100,47.672;22.711,47.882;23.142,48.096;23.761,47.986;24.402,47.982;24.866,47.738;25.208,47.891;25.946,47.987;26.197,48.221;26.619,48.221;26.924,48.123;27.234,47.827;27.551,47.405;28.128,46.810;28.160,46.372;28.054,45.945;28.234,45.488
Lithuania|26.494,55.615;26.588,55.167;25.768,54.847;25.536,54.282;24.451,53.906;23.484,53.912;23.244,54.221;22.731,54.328;22.651,54.583;22.758,54.857;22.316,55.015;21.268,55.190;21.056,56.031;22.201,56.338;23.878,56.274;24.861,56.373;25.001,56.165;25.533,56.100;26.494,55.615
Latvia|27.288,57.475;27.770,57.244;27.855,56.759;28.177,56.169;27.102,55.783;26.494,55.615;25.533,56.100;25.001,56.165;24.861,56.373;23.878,56.274;22.201,56.338;21.056,56.031;21.090,56.784;21.582,57.412;22.524,57.753;23.318,57.006;24.121,57.026;24.313,57.793;25.165,57.970;25.603,57.848;26.464,57.476;27.288,57.475
Estonia|27.981,59.475;27.981,59.475;28.132,59.301;27.420,58.725;27.717,57.792;27.288,57.475;26.464,57.476;25.603,57.848;25.165,57.970;24.313,57.793;24.429,58.383;24.061,58.257;23.427,58.613;23.340,59.187;24.604,59.466;25.864,59.611;26.949,59.446;27.981,59.475;27.981,59.475
Germany|14.120,53.757;14.353,53.248;14.075,52.981;14.438,52.625;14.685,52.090;14.607,51.745;15.017,51.107;14.571,51.002;14.307,51.117;14.056,50.927;13.338,50.733;12.967,50.484;12.240,50.266;12.415,49.969;12.521,49.547;13.031,49.307;13.596,48.877;13.243,48.416;12.884,48.289;13.026,47.638;12.933,47.468;12.621,47.672;12.141,47.703;11.426,47.524;10.545,47.566;10.402,47.302;9.896,47.580;9.594,47.525;8.523,47.831;8.317,47.614;7.467,47.621;7.594,48.333;8.099,49.018;6.658,49.202;6.186,49.464;6.243,49.902;6.043,50.128;6.157,50.804;5.989,51.852;6.589,51.852;6.843,52.228;7.092,53.144;6.905,53.482;7.100,53.694;7.936,53.748;8.122,53.528;8.801,54.021;8.572,54.396;8.526,54.963;9.282,54.831;9.922,54.983;9.940,54.597;10.950,54.364;10.939,54.009;11.956,54.196;12.518,54.470;13.647,54.076;14.120,53.757
Bulgaria|22.657,44.235;22.945,43.824;23.332,43.897;24.101,43.741;25.569,43.688;26.065,43.943;27.242,44.176;27.970,43.812;28.558,43.707;28.039,43.293;27.674,42.578;27.997,42.007;27.136,42.141;26.117,41.827;26.106,41.329;25.197,41.234;24.493,41.584;23.692,41.309;22.952,41.338;22.881,41.999;22.381,42.320;22.545,42.461;22.437,42.580;22.605,42.899;22.986,43.211;22.500,43.643;22.410,44.008;22.657,44.235
Greece|26.290,35.300;26.165,35.005;24.725,34.920;24.735,35.085;23.515,35.280;23.700,35.705;24.247,35.368;25.025,35.425;25.769,35.354;25.745,35.180;26.290,35.300
Greece|22.952,41.338;23.692,41.309;24.493,41.584;25.197,41.234;26.106,41.329;26.117,41.827;26.604,41.562;26.295,40.936;26.057,40.824;25.448,40.853;24.926,40.947;23.715,40.687;24.408,40.125;23.900,39.962;23.343,39.961;22.814,40.476;22.626,40.257;22.850,39.659;23.350,39.190;22.973,38.971;23.530,38.510;24.025,38.220;24.040,37.655;23.115,37.920;23.410,37.410;22.775,37.305;23.154,36.423;22.490,36.410;21.670,36.845;21.295,37.645;21.120,38.310;20.730,38.770;20.218,39.340;20.150,39.625;20.615,40.110;20.675,40.435;21.000,40.580;21.020,40.843;21.674,40.931;22.055,41.150;22.597,41.130;22.762,41.305;22.952,41.338
Turkey|44.773,37.170;44.293,37.002;43.942,37.256;42.779,37.385;42.350,37.230;41.212,37.074;40.673,37.091;39.523,36.716;38.700,36.713;38.168,36.901;37.067,36.623;36.739,36.818;36.685,36.260;36.418,36.041;36.150,35.822;35.782,36.275;36.161,36.651;35.551,36.565;34.715,36.796;34.027,36.220;32.509,36.108;31.700,36.644;30.622,36.678;30.391,36.263;29.700,36.144;28.733,36.677;27.641,36.659;27.049,37.653;26.318,38.208;26.805,38.986;26.171,39.464;27.280,40.420;28.820,40.460;29.240,41.220;31.146,41.088;32.348,41.736;33.513,42.019;35.168,42.040;36.913,41.335;38.348,40.949;39.513,41.103;40.373,41.014;41.554,41.536;42.620,41.583;43.583,41.092;43.753,40.740;43.656,40.254;44.400,40.005;44.794,39.713;44.109,39.428;44.421,38.281;44.226,37.972;44.773,37.170;44.773,37.170
Turkey|26.117,41.827;27.136,42.141;27.997,42.007;28.116,41.623;28.988,41.300;28.806,41.055;27.619,41.000;27.192,40.691;26.358,40.152;26.043,40.618;26.057,40.824;26.295,40.936;26.604,41.562;26.117,41.827
Albania|21.020,40.843;21.000,40.580;20.675,40.435;20.615,40.110;20.150,39.625;19.980,39.695;19.960,39.915;19.406,40.251;19.319,40.727;19.404,41.410;19.540,41.720;19.372,41.878;19.372,41.878;19.304,42.196;19.738,42.688;19.802,42.500;20.071,42.589;20.284,42.320;20.523,42.218;20.590,41.855;20.590,41.855;20.463,41.515;20.605,41.086;21.020,40.843
Croatia|16.565,46.504;16.883,46.381;17.630,45.952;18.456,45.759;18.830,45.909;19.073,45.522;19.390,45.237;19.005,44.860;18.553,45.082;17.862,45.068;17.002,45.234;16.535,45.212;16.318,45.004;15.959,45.234;15.750,44.819;16.240,44.351;16.456,44.041;16.916,43.668;17.297,43.446;17.675,43.029;18.560,42.650;18.450,42.480;18.450,42.480;17.510,42.850;16.930,43.210;16.015,43.507;15.174,44.243;15.376,44.318;14.920,44.738;14.902,45.076;14.259,45.234;13.952,44.802;13.657,45.137;13.679,45.484;13.715,45.500;14.412,45.466;14.595,45.635;14.935,45.472;15.328,45.452;15.324,45.732;15.672,45.834;15.769,46.238;16.565,46.504
Switzerland|9.594,47.525;9.633,47.348;9.480,47.103;9.932,46.921;10.443,46.894;10.363,46.484;9.923,46.315;9.183,46.440;8.966,46.037;8.490,46.005;8.317,46.164;7.756,45.824;7.274,45.777;6.844,45.991;6.500,46.430;6.023,46.273;6.037,46.726;6.769,47.288;6.737,47.542;7.192,47.450;7.467,47.621;8.317,47.614;8.523,47.831;9.594,47.525
Luxembourg|6.043,50.128;6.243,49.902;6.186,49.464;5.898,49.443;5.674,49.529;5.782,50.090;6.043,50.128
Belgium|6.157,50.804;6.043,50.128;5.782,50.090;5.674,49.529;4.799,49.985;4.286,49.907;3.588,50.379;3.123,50.780;2.658,50.797;2.514,51.149;3.315,51.346;3.315,51.346;3.315,51.346;4.047,51.267;4.974,51.475;5.607,51.037;6.157,50.804
Netherlands|6.905,53.482;7.092,53.144;6.843,52.228;6.589,51.852;5.989,51.852;6.157,50.804;5.607,51.037;4.974,51.475;4.047,51.267;3.315,51.346;3.315,51.346;3.830,51.621;4.706,53.092;6.074,53.510;6.905,53.482
Portugal|-9.035,41.881;-8.672,42.135;-8.264,42.280;-8.013,41.791;-7.423,41.792;-7.251,41.918;-6.669,41.883;-6.389,41.382;-6.851,41.111;-6.864,40.331;-7.026,40.185;-7.067,39.712;-7.499,39.630;-7.098,39.030;-7.374,38.373;-7.029,38.076;-7.167,37.804;-7.537,37.429;-7.454,37.098;-7.856,36.838;-8.383,36.979;-8.899,36.869;-8.746,37.651;-8.840,38.266;-9.287,38.358;-9.527,38.737;-9.447,39.392;-9.048,39.755;-8.977,40.159;-8.769,40.761;-8.791,41.184;-8.991,41.543;-9.035,41.881
Spain|-7.454,37.098;-7.537,37.429;-7.167,37.804;-7.029,38.076;-7.374,38.373;-7.098,39.030;-7.499,39.630;-7.067,39.712;-7.026,40.185;-6.864,40.331;-6.851,41.111;-6.389,41.382;-6.669,41.883;-7.251,41.918;-7.423,41.792;-8.013,41.791;-8.264,42.280;-8.672,42.135;-9.035,41.881;-8.984,42.593;-9.393,43.027;-7.978,43.748;-6.754,43.568;-5.412,43.574;-4.348,43.403;-3.518,43.456;-1.901,43.423;-1.503,43.034;0.338,42.580;0.702,42.796;1.827,42.343;2.986,42.473;3.039,41.892;2.092,41.226;0.811,41.015;0.721,40.678;0.107,40.124;-0.279,39.310;0.111,38.739;-0.467,38.292;-0.683,37.642;-1.438,37.443;-2.146,36.674;-3.416,36.659;-4.369,36.678;-4.995,36.325;-5.377,35.947;-5.866,36.030;-6.237,36.368;-6.520,36.943;-7.454,37.098
Ireland|-6.198,53.868;-6.033,53.153;-6.789,52.260;-8.562,51.669;-9.977,51.820;-9.166,52.865;-9.689,53.881;-8.328,54.665;-7.572,55.132;-7.366,54.596;-7.572,54.060;-6.954,54.074;-6.198,53.868
Italy|10.443,46.894;11.049,46.751;11.165,46.942;12.153,47.115;12.376,46.768;13.806,46.509;13.698,46.017;13.938,45.591;13.142,45.737;12.329,45.382;12.384,44.885;12.261,44.600;12.589,44.091;13.527,43.588;14.030,42.761;15.143,41.955;15.926,41.961;16.170,41.740;15.889,41.541;16.785,41.180;17.519,40.877;18.377,40.356;18.480,40.169;18.293,39.811;17.738,40.278;16.870,40.442;16.449,39.795;17.171,39.425;17.053,38.903;16.635,38.844;16.101,37.986;15.684,37.909;15.688,38.215;15.892,38.751;16.109,38.965;15.719,39.544;15.414,40.048;14.998,40.173;14.703,40.605;14.061,40.786;13.628,41.188;12.888,41.253;12.107,41.705;11.192,42.355;10.512,42.931;10.200,43.920;9.702,44.036;8.889,44.366;8.429,44.231;7.851,43.767;7.435,43.694;7.550,44.128;7.008,44.255;6.750,45.029;7.097,45.333;6.802,45.709;6.844,45.991;7.274,45.777;7.756,45.824;8.317,46.164;8.490,46.005;8.966,46.037;9.183,46.440;9.923,46.315;10.363,46.484;10.443,46.894
Italy|14.761,38.144;15.520,38.231;15.160,37.444;15.310,37.134;15.100,36.620;14.335,36.997;13.827,37.105;12.431,37.613;12.571,38.126;13.741,38.035;14.761,38.144
Italy|8.710,40.900;9.210,41.210;9.810,40.500;9.670,39.177;9.215,39.240;8.807,38.907;8.428,39.172;8.388,40.378;8.160,40.950;8.710,40.900
Denmark|9.922,54.983;9.282,54.831;8.526,54.963;8.120,55.518;8.090,56.540;8.257,56.810;8.543,57.110;9.424,57.172;9.776,57.448;10.580,57.730;10.546,57.216;10.250,56.890;10.370,56.610;10.912,56.459;10.668,56.081;10.370,56.190;9.650,55.470;9.922,54.983
Denmark|12.371,56.111;12.690,55.610;12.090,54.800;11.044,55.365;10.904,55.780;12.371,56.111
United Kingdom|-6.198,53.868;-6.954,54.074;-7.572,54.060;-7.366,54.596;-7.572,55.132;-6.734,55.173;-5.662,54.555;-6.198,53.868
United Kingdom|-3.094,53.405;-3.092,53.404;-2.945,53.985;-3.615,54.601;-3.630,54.615;-4.844,54.791;-5.083,55.062;-4.719,55.508;-5.048,55.784;-5.586,55.311;-5.645,56.275;-6.150,56.785;-5.787,57.819;-5.010,58.630;-4.211,58.551;-3.005,58.635;-4.074,57.553;-3.055,57.690;-1.959,57.685;-2.220,56.870;-3.119,55.974;-2.085,55.910;-2.006,55.805;-1.115,54.625;-0.430,54.464;0.185,53.325;0.470,52.930;1.682,52.740;1.560,52.100;1.051,51.807;1.450,51.289;0.550,50.766;-0.788,50.775;-2.490,50.500;-2.956,50.697;-3.617,50.228;-4.543,50.342;-5.245,49.960;-5.777,50.160;-4.310,51.210;-3.415,51.426;-3.423,51.427;-4.984,51.593;-5.267,51.991;-4.222,52.301;-4.770,52.840;-4.580,53.495;-3.094,53.405
Iceland|-14.509,66.456;-14.740,65.809;-13.610,65.127;-14.910,64.364;-17.794,63.679;-18.656,63.496;-19.973,63.644;-22.763,63.960;-21.778,64.402;-23.955,64.891;-22.184,65.085;-22.227,65.379;-24.326,65.611;-23.651,66.263;-22.135,66.410;-20.576,65.732;-19.057,66.277;-17.799,65.994;-16.168,66.527;-14.509,66.456
Azerbaijan|46.405,41.861;46.686,41.827;47.373,41.220;47.816,41.151;47.987,41.406;48.584,41.809;49.110,41.282;49.619,40.573;50.085,40.526;50.393,40.257;49.569,40.176;49.395,39.399;49.223,39.049;48.857,38.815;48.883,38.320;48.634,38.270;48.011,38.794;48.356,39.289;48.060,39.582;47.685,39.508;46.506,38.771;46.483,39.464;46.035,39.628;45.610,39.900;45.892,40.218;45.359,40.562;45.560,40.812;45.179,40.985;44.972,41.248;45.217,41.411;45.963,41.124;46.502,41.064;46.638,41.182;46.145,41.723;46.405,41.861
Azerbaijan|46.144,38.741;45.458,38.874;44.953,39.336;44.794,39.713;45.002,39.740;45.298,39.472;45.740,39.474;45.735,39.320;46.144,38.741
Georgia|39.955,43.435;40.077,43.553;40.922,43.382;42.394,43.220;43.756,42.741;43.931,42.555;44.538,42.712;45.470,42.503;45.776,42.092;46.405,41.861;46.145,41.723;46.638,41.182;46.502,41.064;45.963,41.124;45.217,41.411;44.972,41.248;43.583,41.092;42.620,41.583;41.554,41.536;41.703,41.963;41.453,42.645;40.875,43.014;40.321,43.129;39.955,43.435
Slovenia|13.806,46.509;14.632,46.432;15.137,46.659;16.012,46.684;16.202,46.852;16.371,46.841;16.565,46.504;15.769,46.238;15.672,45.834;15.324,45.732;15.328,45.452;14.935,45.472;14.595,45.635;14.412,45.466;13.715,45.500;13.938,45.591;13.698,46.017;13.806,46.509
Finland|28.592,69.065;28.446,68.365;29.977,67.698;29.055,66.944;30.218,65.806;29.544,64.949;30.445,64.204;30.036,63.553;31.516,62.868;31.140,62.358;30.211,61.780;28.070,60.504;28.070,60.504;28.070,60.504;26.255,60.424;24.497,60.057;22.870,59.846;22.291,60.392;21.322,60.720;21.545,61.705;21.059,62.607;21.536,63.190;22.443,63.818;24.731,64.902;25.398,65.111;25.294,65.534;23.903,66.007;23.566,66.396;23.539,67.936;21.979,68.617;20.646,69.106;21.245,69.370;22.356,68.842;23.662,68.891;24.736,68.650;25.689,69.092;26.180,69.825;27.732,70.164;29.016,69.766;28.592,69.065
Slovakia|22.558,49.086;22.281,48.825;22.086,48.422;21.872,48.320;20.801,48.624;20.474,48.563;20.239,48.328;19.769,48.203;19.661,48.267;19.174,48.111;18.777,48.082;18.697,47.881;17.857,47.758;17.488,47.867;16.980,48.123;16.880,48.470;16.960,48.597;17.102,48.817;17.545,48.800;17.886,48.903;17.914,48.996;18.105,49.044;18.170,49.272;18.400,49.315;18.555,49.495;18.853,49.496;18.910,49.436;19.321,49.572;19.825,49.217;20.416,49.431;20.888,49.329;21.608,49.470;22.558,49.086
Czechia|15.017,51.107;15.491,50.785;16.239,50.698;16.176,50.423;16.719,50.216;16.869,50.474;17.555,50.362;17.649,50.049;18.393,49.989;18.853,49.496;18.555,49.495;18.400,49.315;18.170,49.272;18.105,49.044;17.914,48.996;17.886,48.903;17.545,48.800;17.102,48.817;16.960,48.597;16.499,48.786;16.030,48.734;15.253,49.039;14.901,48.964;14.339,48.555;13.596,48.877;13.031,49.307;12.521,49.547;12.415,49.969;12.240,50.266;12.967,50.484;13.338,50.733;14.056,50.927;14.307,51.117;14.571,51.002;15.017,51.107
Saudi Arabia|34.956,29.357;36.069,29.197;36.501,29.505;36.741,29.865;37.504,30.004;37.668,30.339;37.999,30.509;37.002,31.508;39.005,32.010;39.195,32.161;40.400,31.890;41.890,31.190;44.709,29.179;46.569,29.099;47.460,29.003;47.709,28.526;48.416,28.552;48.808,27.690;49.300,27.461;49.471,27.110;50.152,26.690;50.213,26.277;50.113,25.944;50.240,25.608;50.527,25.328;50.661,25.000;50.810,24.755;51.112,24.556;51.390,24.627;51.580,24.245;51.618,24.014;52.001,23.001;55.007,22.497;55.208,22.708;55.667,22.000;55.000,20.000;52.000,19.000;49.117,18.617;48.183,18.167;47.467,17.117;47.000,16.950;46.750,17.283;46.367,17.233;45.400,17.333;45.217,17.433;44.063,17.410;43.792,17.320;43.381,17.580;43.116,17.088;43.218,16.667;42.779,16.348;42.650,16.775;42.348,17.076;42.271,17.475;41.754,17.833;41.221,18.672;40.939,19.486;40.248,20.175;39.802,20.339;39.139,21.292;39.024,21.987;39.066,22.580;38.493,23.688;38.024,24.079;37.484,24.285;37.155,24.858;37.209,25.085;36.932,25.603;36.640,25.826;36.249,26.570;35.640,27.377;35.130,28.063;34.632,28.059;34.788,28.607;34.832,28.957;34.956,29.357
N. Cyprus|32.732,35.140;32.802,35.146;32.947,35.387;33.667,35.373;34.576,35.672;33.901,35.246;33.974,35.059;33.866,35.094;33.675,35.018;33.526,35.039;33.476,35.000;33.456,35.101;33.384,35.163;33.191,35.173;32.920,35.088;32.732,35.140
Cyprus|32.732,35.140;32.920,35.088;33.191,35.173;33.384,35.163;33.456,35.101;33.476,35.000;33.526,35.039;33.675,35.018;33.866,35.094;33.974,35.059;34.005,34.978;32.980,34.572;32.490,34.702;32.257,35.103;32.732,35.140
Morocco|-2.170,35.168;-1.793,34.528;-1.733,33.920;-1.388,32.864;-1.125,32.652;-1.308,32.263;-2.617,32.094;-3.069,31.724;-3.647,31.637;-3.690,30.897;-4.860,30.501;-5.242,30.000;-6.061,29.732;-7.059,29.579;-8.674,28.841;-8.666,27.656;-8.818,27.656;-8.795,27.121;-9.413,27.088;-9.735,26.861;-10.189,26.861;-10.551,26.991;-11.393,26.883;-11.718,26.104;-12.031,26.031;-12.501,24.770;-13.891,23.691;-14.221,22.310;-14.631,21.861;-14.751,21.501;-17.003,21.421;-17.020,21.422;-16.973,21.886;-16.589,22.158;-16.262,22.679;-16.326,23.018;-15.983,23.723;-15.426,24.359;-15.089,24.520;-14.825,25.104;-14.801,25.636;-14.440,26.254;-13.774,26.619;-13.140,27.640;-13.122,27.654;-12.619,28.038;-11.689,28.149;-10.901,28.832;-10.400,29.099;-9.565,29.934;-9.815,31.178;-9.435,32.038;-9.301,32.565;-8.657,33.240;-7.654,33.697;-6.913,34.110;-6.244,35.146;-5.930,35.760;-5.194,35.755;-4.591,35.331;-3.640,35.400;-2.604,35.179;-2.170,35.168
Egypt|36.866,22.000;32.900,22.000;29.020,22.000;25.000,22.000;25.000,25.683;25.000,29.239;24.700,30.044;24.958,30.662;24.803,31.089;25.165,31.569;26.495,31.586;27.458,31.321;28.450,31.026;28.914,30.870;29.683,31.187;30.095,31.473;30.977,31.556;31.688,31.430;31.960,30.934;32.192,31.260;32.994,31.024;33.773,30.967;34.265,31.219;34.265,31.219;34.823,29.761;34.923,29.501;34.642,29.099;34.427,28.344;34.155,27.823;33.921,27.649;33.588,27.971;33.137,28.418;32.423,29.851;32.320,29.760;32.735,28.705;33.349,27.700;34.105,26.142;34.474,25.599;34.795,25.034;35.692,23.927;35.494,23.752;35.526,23.102;36.691,22.205;36.866,22.000
Libya|25.000,22.000;25.000,20.003;23.850,20.000;23.838,19.580;19.849,21.495;15.861,23.410;14.851,22.863;14.144,22.491;13.581,23.041;12.000,23.472;11.561,24.098;10.771,24.563;10.304,24.379;9.948,24.937;9.911,25.365;9.319,26.094;9.716,26.512;9.629,27.141;9.756,27.688;9.684,28.144;9.860,28.960;9.806,29.425;9.482,30.308;9.970,30.539;10.057,30.962;9.950,31.376;10.637,31.761;10.945,32.082;11.432,32.369;11.489,33.137;12.663,32.793;13.083,32.879;13.919,32.712;15.246,32.265;15.714,31.376;16.612,31.182;18.021,30.764;19.086,30.266;19.574,30.526;20.053,30.986;19.820,31.752;20.134,32.238;20.855,32.707;21.543,32.843;22.896,32.639;23.237,32.191;23.609,32.187;23.927,32.017;24.921,31.899;25.165,31.569;24.803,31.089;24.958,30.662;24.700,30.044;25.000,29.239;25.000,25.683;25.000,22.000
Bosnia and Herz.|18.560,42.650;17.675,43.029;17.297,43.446;16.916,43.668;16.456,44.041;16.240,44.351;15.750,44.819;15.959,45.234;16.318,45.004;16.535,45.212;17.002,45.234;17.862,45.068;18.553,45.082;19.005,44.860;19.005,44.860;19.368,44.863;19.118,44.423;19.600,44.038;19.454,43.568;19.219,43.524;19.032,43.433;18.706,43.200;18.560,42.650
North Macedonia|22.381,42.320;22.881,41.999;22.952,41.338;22.762,41.305;22.597,41.130;22.055,41.150;21.674,40.931;21.020,40.843;20.605,41.086;20.463,41.515;20.590,41.855;20.590,41.855;20.717,41.847;20.762,42.052;21.353,42.207;21.577,42.245;21.917,42.304;22.381,42.320
Serbia|18.830,45.909;18.830,45.909;19.596,46.172;20.220,46.127;20.762,45.735;20.874,45.416;21.484,45.181;21.562,44.769;22.145,44.478;22.459,44.703;22.706,44.578;22.474,44.409;22.657,44.235;22.410,44.008;22.500,43.643;22.986,43.211;22.605,42.899;22.437,42.580;22.545,42.461;22.381,42.320;21.917,42.304;21.577,42.245;21.543,42.320;21.663,42.439;21.775,42.683;21.633,42.677;21.439,42.863;21.274,42.910;21.143,43.069;20.957,43.131;20.814,43.272;20.635,43.217;20.497,42.885;20.258,42.813;20.340,42.899;19.959,43.106;19.630,43.214;19.484,43.352;19.219,43.524;19.454,43.568;19.600,44.038;19.118,44.423;19.368,44.863;19.005,44.860;19.005,44.860;19.390,45.237;19.073,45.522;18.830,45.909
Montenegro|20.071,42.589;19.802,42.500;19.738,42.688;19.304,42.196;19.372,41.878;19.162,41.955;18.882,42.282;18.450,42.480;18.560,42.650;18.706,43.200;19.032,43.433;19.219,43.524;19.484,43.352;19.630,43.214;19.959,43.106;20.340,42.899;20.258,42.813;20.071,42.589
Kosovo|20.590,41.855;20.523,42.218;20.284,42.320;20.071,42.589;20.258,42.813;20.497,42.885;20.635,43.217;20.814,43.272;20.957,43.131;21.143,43.069;21.274,42.910;21.439,42.863;21.633,42.677;21.775,42.683;21.663,42.439;21.543,42.320;21.577,42.245;21.353,42.207;20.762,42.052;20.717,41.847;20.590,41.855